32757
32726
32702
32685
32678
32662
32637
32609
32604
32591
32525
32439
32404
32391
32356
32270
32257
32226
32209
32170
32168
32060
31998
31934
31928
31818
31783
31673
31627
31556
31461
31426
31361
31329
31322
31316
31286
31240
31196
31185
31115
31111
31107
31101
31060
31003
31001
30974
30932
30900
30877
30838
30836
30833
30814
30771
30695
30674
30527
30523
30333
30303
30227
30212
30191
30188
30145
30106
30093
30080
30003
29972
29956
29954
29901
29869
29855
29815
29812
29790
29763
29734
29658
29657
29643
29617
29577
29565
29556
29541
29510
29361
29358
29350
29337
29334
29314
29292
29288
29213
29200
29174
29170
29168
29141
29011
28869
28745
28712
28704
28703
28692
28689
28685
28650
28617
28570
28520
28503
28489
28476
28464
28433
28323
28321
28318
28297
28296
28289
28286
28253
28145
28112
28082
28070
28027
28022
28019
28009
27982
27938
27892
27870
27813
27756
27753
27644
27624
27611
27595
27593
27529
27506
27489
27446
27432
27384
27350
27348
27157
27152
27109
27088
27067
26969
26962
26924
26909
26869
26777
26740
26576
26534
26504
26500
26488
26477
26463
26439
26428
26418
26362
26308
26303
26302
26299
26292
26264
26173
26154
26153
26129
26113
26058
25996
25990
25951
25898
25874
25824
25824
25760
25734
25721
25705
25667
25629
25627
25620
25561
25547
25547
25542
25508
25484
25423
25411
25347
25313
25269
25264
25205
25200
25184
25087
25072
24970
24948
24946
24937
24855
24778
24774
24767
24766
24648
24626
24596
24555
24488
24484
24484
24472
24464
24429
24423
24393
24389
24372
24370
24355
24350
24272
24229
24221
24182
24179
24155
24129
24084
24050
24041
24028
24021
23992
23986
23977
23971
23936
23869
23851
23850
23847
23844
23831
23811
23805
23775
23757
23754
23655
23646
23622
23392
23342
23318
23281
23271
23245
23216
23199
23196
23195
23152
23073
22929
22913
22888
22867
22850
22848
22813
22798
22758
22741
22725
22704
22701
22663
22658
22648
22646
22619
22593
22549
22549
22532
22483
22466
22428
22413
22409
22386
22355
22296
22279
22233
22190
22171
22142
22044
21974
21948
21945
21881
21763
21726
21724
21718
21694
21659
21634
21624
21548
21545
21543
21538
21520
21459
21457
21430
21425
21416
21363
21318
21221
21221
21153
21132
21119
21113
21098
21080
21025
21015
21003
20945
20913
20888
20851
20825
20798
20783
20710
20671
20649
20626
20608
20601
20600
20580
20556
20537
20485
20482
20472
20450
20426
20424
20416
20355
20328
20326
20315
20259
20222
20215
20175
20159
20142
20072
20055
20053
20040
20037
20024
19976
19954
19923
19912
19895
19866
19855
19815
19801
19796
19718
19711
19690
19668
19629
19589
19558
19497
19405
19375
19369
19357
19353
19314
19264
19187
19169
19156
19090
19072
19037
19008
18958
18935
18896
18875
18823
18787
18786
18762
18756
18716
18696
18678
18662
18651
18651
18636
18588
18584
18540
18538
18467
18443
18330
18240
18230
18190
18132
18127
18115
18114
18087
18060
18035
18007
17964
17958
17913
17870
17864
17861
17841
17825
17807
17773
17713
17673
17578
17549
17546
17505
17451
17437
17421
17410
17398
17371
17253
17222
17192
17189
17110
17103
17086
17035
16972
16962
16944
16941
16858
16827
16687
16641
16634
16565
16549
16541
16519
16512
16423
16413
16303
16282
16279
16215
16202
16142
16139
16118
16105
16085
16036
15944
15890
15881
15790
15759
15748
15724
15629
15574
15573
15498
15457
15350
15281
15264
15262
15255
15205
15185
15145
15141
15117
15006
14989
14962
14955
14945
14932
14924
14902
14893
14887
14798
14771
14736
14700
14688
14625
14606
14604
14485
14474
14460
14423
14413
14369
14343
14310
14309
14295
14270
14256
14181
14146
14018
14015
14008
13985
13985
13977
13971
13966
13931
13829
13694
13653
13648
13584
13458
13452
13401
13357
13290
13261
13186
13169
13142
13064
13061
13031
13030
13022
13007
12993
12949
12941
12938
12896
12859
12843
12835
12818
12760
12734
12722
12717
12673
12637
12623
12550
12529
12508
12455
12423
12392
12382
12317
12316
12292
12287
12263
12249
12193
12181
12164
12053
12052
12044
12043
11942
11903
11840
11833
11701
11635
11600
11585
11538
11511
11478
11477
11462
11422
11342
11337
11333
11323
11258
11247
11224
11192
11173
11124
11075
11023
11020
11008
10893
10808
10712
10585
10555
10548
10466
10383
10353
10322
10291
10285
10202
10195
10176
10116
10112
10075
10067
10040
10021
10008
9961
9961
9930
9905
9894
9853
9832
9789
9781
9758
9741
9676
9601
9576
9515
9514
9512
9503
9496
9374
9357
9314
9313
9232
9161
9040
9010
9010
8942
8932
8909
8759
8723
8683
8526
8519
8492
8480
8380
8365
8360
8313
8281
8260
8256
8213
8177
8116
8075
7958
7949
7900
7882
7815
7711
7627
7619
7616
7605
7591
7518
7487
7448
7441
7391
7376
7285
7262
7200
7164
7129
7038
6962
6923
6902
6900
6868
6729
6705
6704
6698
6654
6652
6618
6617
6559
6541
6540
6511
6493
6483
6477
6467
6439
6422
6411
6410
6359
6334
6287
6270
6234
6224
6202
6191
6077
6072
6038
5997
5994
5938
5844
5829
5786
5706
5705
5699
5662
5629
5601
5589
5565
5556
5537
5535
5454
5447
5436
5402
5249
5109
5108
5097
5075
5071
5049
5030
5021
5002
4975
4966
4944
4940
4886
4833
4827
4802
4757
4745
4734
4693
4686
4681
4678
4675
4667
4664
4639
4596
4565
4536
4474
4414
4313
4313
4213
4186
4169
4144
4099
4084
4041
4031
3959
3902
3878
3831
3829
3788
3753
3737
3728
3676
3625
3602
3584
3561
3557
3548
3527
3487
3434
3430
3359
3309
3297
3221
3195
3102
3093
3039
3035
2995
2971
2963
2943
2865
2800
2695
2670
2668
2634
2625
2625
2607
2600
2598
2589
2510
2483
2421
2368
2363
2324
2306
2303
2223
2220
2168
2161
2154
2125
2088
2082
2011
1999
1993
1954
1926
1924
1885
1869
1842
1832
1769
1763
1758
1752
1723
1679
1655
1650
1637
1626
1626
1588
1587
1543
1539
1515
1416
1355
1282
1264
1200
1150
1131
1071
1018
1017
912
911
900
875
788
778
750
748
690
610
608
503
491
481
467
335
303
300
292
288
235
193
153
148
142
140
123
58
53
41
28
28