32757
32662
32439
32391
31322
31101
30333
30106
29358
28703
28253
28145
27644
27529
27446
26962
26500
26308
26299
25667
25547
24626
24464
24393
24370
24084
23811
23805
23281
22929
22648
22190
21726
21538
20037
19954
19912
19895
19718
19629
19264
19169
18756
18716
18467
17673
17421
17035
16944
16827
16541
16118
15890
15724
15350
15141
15006
14771
14604
13931
12859
12623
12382
12316
11942
11840
11538
11478
11323
9961
9894
9741
9040
8942
8723
7711
7376
6868
6729
6334
5705
5537
5447
5436
4966
4827
4664
3902
3548
3035
2995
2082
1869
1842
778
491
292
288
153
41